# Theoretical Max Height	6.45311498641968
# Observed Max Height	3.702
# Column	Heights																				Expected Insert Length	Insert Probability	Delete Probability	Model Mask
#       	A	C	D	E	F	G	H	I	K	L	M	N	P	Q	R	S	T	V	W	Y
1	0.023	0.001	0.028	0.030	0.003	0.008	0.007	0.005	0.033	0.012	0.004	0.020	0.012	0.029	0.025	0.019	0.015	0.007	0.001	0.004	1.9	0.01	0.66	0
2	0.027	0.002	0.017	0.035	0.004	0.010	0.009	0.007	0.037	0.011	0.016	0.024	0.028	0.021	0.081	0.023	0.026	0.010	0.001	0.005	1.9	0.01	0.86	0
3	0.052	0.002	0.018	0.039	0.004	0.011	0.039	0.008	0.031	0.012	0.006	0.018	0.076	0.021	0.028	0.024	0.026	0.011	0.001	0.005	1.9	0.01	0.94	0
4	0.032	0.001	0.045	0.032	0.012	0.008	0.006	0.005	0.028	0.008	0.004	0.013	0.012	0.016	0.014	0.043	0.013	0.008	0.006	0.004	1.9	0.01	0.98	0
5	0.033	0.046	0.023	0.009	0.125	0.010	0.007	0.075	0.011	0.077	0.020	0.009	0.007	0.010	0.011	0.021	0.026	0.058	0.004	0.053	1.9	0.01	0.99	0
6	0.116	0.578	0.018	0.032	0.043	0.028	0.019	0.077	0.037	0.099	0.040	0.027	0.019	0.029	0.031	0.054	0.060	0.094	0.010	0.090	1.9	0.01	0.99	0
7	0.016	0.001	0.016	0.022	0.005	0.005	0.004	0.007	0.021	0.027	0.003	0.018	0.003	0.010	0.009	0.017	0.009	0.005	0.001	0.003	1.9	0.01	0.99	0
8	0.017	0.001	0.015	0.038	0.009	0.005	0.004	0.006	0.020	0.043	0.004	0.009	0.004	0.010	0.009	0.012	0.010	0.012	0.001	0.003	1.9	0.01	0.99	0
9	0.041	0.003	0.025	0.052	0.005	0.014	0.024	0.009	0.058	0.015	0.007	0.024	0.162	0.037	0.026	0.053	0.024	0.013	0.002	0.007	1.9	0.01	0.99	0
10	0.031	0.001	0.009	0.019	0.003	0.006	0.005	0.009	0.026	0.011	0.003	0.013	0.029	0.011	0.014	0.012	0.010	0.014	0.001	0.003	1.9	0.01	0.99	0
11	0.019	0.002	0.063	0.030	0.014	0.009	0.007	0.006	0.041	0.010	0.004	0.021	0.006	0.017	0.021	0.019	0.015	0.021	0.001	0.024	1.9	0.01	1.00	0
12	0.010	0.001	0.009	0.009	0.006	0.003	0.002	0.006	0.007	0.005	0.002	0.004	0.008	0.005	0.007	0.010	0.014	0.011	0.000	0.004	1.9	0.01	1.00	0
13	0.038	0.004	0.048	0.058	0.006	0.709	0.016	0.011	0.120	0.018	0.008	0.035	0.014	0.106	0.050	0.038	0.028	0.016	0.002	0.008	1.9	0.01	1.00	0
14	0.019	0.002	0.013	0.023	0.004	0.009	0.007	0.023	0.037	0.012	0.005	0.014	0.068	0.017	0.043	0.038	0.022	0.011	0.001	0.005	1.9	0.01	1.00	0
15	0.121	2.584	0.015	0.016	0.012	0.576	0.009	0.019	0.017	0.024	0.010	0.026	0.028	0.014	0.017	0.096	0.068	0.038	0.004	0.009	1.9	0.01	1.00	0
16	0.033	0.002	0.019	0.033	0.004	0.027	0.010	0.007	0.082	0.012	0.006	0.020	0.008	0.036	0.101	0.026	0.036	0.011	0.001	0.015	1.9	0.01	1.00	0
17	0.101	0.002	0.030	0.027	0.004	0.030	0.008	0.006	0.047	0.010	0.005	0.016	0.006	0.019	0.016	0.021	0.026	0.014	0.001	0.005	1.9	0.01	1.00	0
18	0.030	0.009	0.004	0.007	0.042	0.006	0.004	0.025	0.015	0.036	0.035	0.006	0.004	0.013	0.023	0.031	0.014	0.033	0.002	0.019	1.9	0.01	1.00	0
19	0.025	0.006	0.004	0.025	0.058	0.008	0.012	0.103	0.009	0.047	0.038	0.007	0.034	0.008	0.009	0.016	0.020	0.067	0.003	0.011	1.9	0.01	1.00	0
20	0.012	0.001	0.016	0.017	0.002	0.006	0.005	0.014	0.026	0.016	0.003	0.010	0.021	0.019	0.027	0.023	0.014	0.005	0.001	0.003	1.9	0.01	1.00	0
21	0.057	0.003	0.016	0.028	0.007	0.011	0.009	0.012	0.042	0.030	0.008	0.017	0.008	0.021	0.138	0.058	0.020	0.017	0.030	0.007	1.9	0.01	1.00	0
22	0.017	0.006	0.006	0.007	0.743	0.010	0.035	0.167	0.009	0.056	0.015	0.015	0.007	0.012	0.011	0.017	0.014	0.027	0.420	0.970	1.9	0.01	1.00	0
23	0.114	0.007	0.007	0.008	0.887	0.010	0.037	0.026	0.010	0.056	0.015	0.015	0.008	0.013	0.012	0.019	0.015	0.028	0.109	1.271	1.9	0.01	1.00	0
24	0.018	0.006	0.244	0.012	0.725	0.011	0.035	0.023	0.012	0.051	0.014	0.017	0.008	0.015	0.012	0.020	0.015	0.025	0.032	1.278	1.9	0.01	1.00	0
25	0.032	0.003	0.116	0.049	0.005	0.017	0.013	0.009	0.077	0.057	0.007	0.199	0.011	0.030	0.026	0.045	0.025	0.013	0.002	0.007	1.9	0.01	1.00	0
26	0.025	0.001	0.007	0.012	0.003	0.004	0.004	0.010	0.012	0.007	0.003	0.010	0.017	0.015	0.017	0.019	0.008	0.012	0.004	0.003	1.9	0.01	0.89	0
27	0.029	0.001	0.015	0.025	0.010	0.007	0.006	0.005	0.039	0.007	0.003	0.017	0.007	0.019	0.013	0.045	0.031	0.012	0.001	0.008	1.9	0.01	0.97	0
28	0.061	0.002	0.029	0.050	0.004	0.011	0.009	0.006	0.069	0.010	0.005	0.018	0.007	0.022	0.045	0.024	0.061	0.009	0.001	0.005	1.9	0.01	0.98	0
29	0.023	0.002	0.017	0.031	0.004	0.074	0.009	0.023	0.108	0.011	0.005	0.026	0.007	0.041	0.037	0.024	0.019	0.010	0.001	0.005	1.9	0.01	0.89	0
30	0.025	0.001	0.013	0.022	0.003	0.023	0.006	0.011	0.050	0.016	0.004	0.013	0.005	0.043	0.021	0.032	0.023	0.007	0.001	0.004	1.9	0.01	0.97	0
31	0.123	0.595	0.029	0.050	0.026	0.029	0.021	0.049	0.156	0.066	0.028	0.035	0.019	0.041	0.048	0.058	0.055	0.063	0.007	0.022	1.9	0.01	0.98	0
32	0.022	0.015	0.009	0.031	0.003	0.006	0.009	0.006	0.021	0.025	0.004	0.010	0.004	0.030	0.014	0.013	0.015	0.028	0.001	0.004	1.9	0.01	0.99	0
33	0.018	0.001	0.009	0.023	0.002	0.005	0.011	0.004	0.015	0.013	0.003	0.009	0.013	0.019	0.024	0.019	0.018	0.016	0.001	0.003	1.9	0.01	0.99	0
34	0.029	0.007	0.011	0.016	1.915	0.017	0.025	0.031	0.032	0.065	0.018	0.017	0.011	0.019	0.285	0.025	0.022	0.033	0.019	0.105	1.9	0.01	0.99	0
35	0.017	0.009	0.016	0.006	0.045	0.006	0.004	0.033	0.013	0.037	0.010	0.005	0.011	0.006	0.015	0.011	0.024	0.053	0.008	0.011	1.9	0.01	1.00	0
36	0.022	0.008	0.007	0.009	0.275	0.011	0.038	0.286	0.011	0.069	0.019	0.017	0.009	0.014	0.013	0.021	0.018	0.036	0.127	1.808	1.9	0.01	1.00	0
37	0.043	0.006	0.023	0.033	0.009	0.400	0.010	0.015	0.030	0.021	0.009	0.042	0.011	0.022	0.020	0.085	0.050	0.022	0.002	0.074	1.9	0.01	1.00	0
38	0.051	0.007	0.043	0.044	0.007	1.752	0.011	0.009	0.032	0.014	0.006	0.030	0.016	0.162	0.024	0.045	0.031	0.016	0.002	0.007	2	0.11	1.00	0
39	0.086	0.655	0.021	0.033	0.023	0.169	0.015	0.045	0.037	0.058	0.023	0.028	0.020	0.108	0.029	0.067	0.058	0.137	0.005	0.018	1.9	0.01	0.89	0
40	0.021	0.017	0.017	0.037	0.003	0.055	0.006	0.005	0.026	0.021	0.004	0.012	0.005	0.021	0.022	0.017	0.013	0.007	0.001	0.004	1.9	0.01	0.97	0
41	0.128	0.003	0.103	0.056	0.004	0.433	0.011	0.007	0.031	0.012	0.005	0.156	0.012	0.026	0.018	0.036	0.024	0.012	0.001	0.006	1.2	0.12	0.98	0
42	0.037	0.004	0.030	0.054	0.006	0.021	0.023	0.012	0.269	0.023	0.010	0.777	0.015	0.055	0.231	0.038	0.031	0.018	0.003	0.010	1.9	0.01	0.99	0
43	0.038	0.001	0.014	0.040	0.003	0.027	0.007	0.005	0.031	0.008	0.009	0.031	0.006	0.035	0.038	0.030	0.014	0.007	0.001	0.004	1.9	0.01	0.99	0
44	0.046	0.008	0.052	0.050	0.011	0.038	0.013	0.010	0.030	0.016	0.006	3.039	0.018	0.023	0.022	0.042	0.029	0.016	0.004	0.012	1.9	0.01	0.89	0
45	0.037	0.004	0.028	0.051	0.006	0.019	0.113	0.012	0.164	0.021	0.009	0.452	0.013	0.047	0.208	0.038	0.031	0.017	0.003	0.010	1.9	0.01	0.97	0
46	0.015	0.007	0.007	0.007	2.430	0.011	0.043	0.025	0.009	0.064	0.015	0.017	0.008	0.014	0.012	0.018	0.013	0.026	0.041	0.438	2	0.11	0.98	0
47	0.023	0.001	0.016	0.053	0.002	0.012	0.006	0.007	0.037	0.016	0.003	0.012	0.005	0.019	0.021	0.020	0.021	0.006	0.001	0.013	1.9	0.01	0.99	0
48	0.030	0.003	0.060	0.039	0.005	0.014	0.011	0.008	0.037	0.014	0.006	0.023	0.009	0.026	0.057	0.129	0.141	0.013	0.002	0.006	1.9	0.01	0.99	0
49	0.018	0.001	0.009	0.017	0.003	0.004	0.003	0.011	0.013	0.019	0.008	0.005	0.002	0.009	0.006	0.008	0.012	0.007	0.003	0.011	1.9	0.01	0.99	0
50	0.036	0.024	0.018	0.107	0.004	0.018	0.025	0.007	0.047	0.012	0.005	0.018	0.007	0.022	0.019	0.037	0.019	0.011	0.001	0.019	1.9	0.01	1.00	0
51	0.038	0.002	0.049	0.114	0.004	0.011	0.009	0.007	0.038	0.022	0.027	0.018	0.007	0.028	0.019	0.024	0.019	0.010	0.001	0.011	1.9	0.01	1.00	0
52	0.352	1.017	0.021	0.033	0.034	0.044	0.018	0.063	0.039	0.080	0.033	0.032	0.024	0.030	0.032	0.080	0.072	0.083	0.009	0.025	1.9	0.01	1.00	0
53	0.018	0.001	0.014	0.024	0.003	0.006	0.005	0.010	0.027	0.019	0.014	0.018	0.004	0.012	0.041	0.014	0.011	0.020	0.001	0.003	1.9	0.01	1.00	0
54	0.042	0.011	0.022	0.035	0.003	0.010	0.008	0.006	0.056	0.017	0.005	0.022	0.006	0.019	0.063	0.026	0.017	0.009	0.001	0.005	1.9	0.01	1.00	0
55	0.037	0.003	0.006	0.018	0.007	0.006	0.004	0.024	0.022	0.018	0.015	0.007	0.004	0.008	0.008	0.012	0.046	0.037	0.002	0.012	1.9	0.01	1.00	0
56	0.127	1.551	0.027	0.040	0.046	0.056	0.024	0.076	0.058	0.096	0.039	0.040	0.030	0.038	0.050	0.097	0.086	0.100	0.012	0.037	1.9	0.01	1.00	0
57	0.012	0.001	0.003	0.008	0.002	0.008	0.005	0.005	0.006	0.011	0.002	0.004	0.002	0.006	0.007	0.005	0.006	0.006	0.002	0.002	1.9	0.01	0.91	0
58	0.020	0.001	0.018	0.029	0.003	0.042	0.006	0.005	0.020	0.008	0.004	0.012	0.005	0.014	0.022	0.016	0.012	0.007	0.001	0.013	0	0.00	0.73	0
